0.0001068115234375
8.7738037109375e-05
9.918212890625e-05
0.00011444091796875
0.00011444091796875
9.1552734375e-05
0.00011444091796875
0.000110626220703125
0.000110626220703125
0.000156402587890625
0.000164031982421875
0.000171661376953125
0.00019073486328125
0.00019073486328125
0.00020599365234375
0.000217437744140625
0.00023651123046875
0.000286102294921875
0.00022125244140625
0.000270843505859375
0.0002899169921875
0.00028228759765625
0.0003204345703125
0.000293731689453125
0.0003204345703125
0.000324249267578125
0.00034332275390625
0.00032806396484375
0.000324249267578125
0.00034332275390625
0.000354766845703125
0.000308990478515625
0.000400543212890625
0.0003662109375
0.000415802001953125
0.000392913818359375
0.0004119873046875
0.000408172607421875
0.00042724609375
0.000457763671875
0.000461578369140625
0.000461578369140625
0.00046539306640625
0.0005035400390625
0.00051116943359375
0.00048828125
0.000545501708984375
0.000522613525390625
0.000583648681640625
0.000553131103515625
0.00060272216796875
0.000579833984375
0.000576019287109375
0.000576019287109375
0.00060272216796875
0.000606536865234375
0.000667572021484375
0.00064849853515625
0.000644683837890625
0.000667572021484375
0.00070953369140625
0.000728607177734375
0.000736236572265625
0.00070953369140625
0.000843048095703125
0.000774383544921875
0.00080108642578125
0.00074005126953125
0.00084686279296875
0.000850677490234375
0.00087738037109375
0.0008697509765625
0.000896453857421875
0.0008697509765625
0.00093841552734375
0.00095367431640625
0.0009765625
0.000949859619140625
0.00098419189453125
0.000965118408203125
0.00098419189453125
0.0009765625
0.001041412353515625
0.00102996826171875
0.001155853271484375
0.00101470947265625
0.001117706298828125
0.001110076904296875
0.001239776611328125
0.001140594482421875
0.001232147216796875
0.001209259033203125
0.001277923583984375
0.001247406005859375
0.00124359130859375
0.001277923583984375
0.001422882080078125
0.001293182373046875
0.00140380859375
0.001361846923828125
0.0014190673828125
0.001453399658203125
0.00146484375
0.00142669677734375
0.001499176025390625
0.00146484375
0.001461029052734375
0.00150299072265625
0.00152587890625
0.001529693603515625
0.001552581787109375
0.00153350830078125
0.00152587890625
0.001499176025390625
0.001483917236328125
0.00152587890625
0.001544952392578125
0.001529693603515625
0.001590728759765625
0.001567840576171875
0.00156402587890625
0.001556396484375
0.00154876708984375
0.001537322998046875
0.00154876708984375
0.001556396484375
0.00154876708984375
0.00153350830078125
0.00157928466796875
0.0015716552734375
0.00154876708984375
0.001483917236328125
0.001556396484375
0.001499176025390625
0.0015716552734375
0.00148773193359375
0.001514434814453125
0.001506805419921875
0.001537322998046875
0.001445770263671875
0.00147247314453125
0.0014801025390625
0.00144195556640625
0.001491546630859375
0.00146484375
0.00136566162109375
0.001399993896484375
0.001415252685546875
0.00140380859375
0.00139617919921875
0.001354217529296875
0.001399993896484375
0.00145721435546875
0.0013885498046875
0.001369476318359375
0.00135040283203125
0.001384735107421875
0.0014495849609375
0.001373291015625
0.001438140869140625
0.0014190673828125
0.001354217529296875
0.00131988525390625
0.00128173828125
0.001251220703125
0.001186370849609375
0.00122833251953125
0.001026153564453125
0.001041412353515625
0.000957489013671875
0.00093841552734375
0.00092315673828125
0.000858306884765625
0.000782012939453125
0.00090789794921875
0.00083160400390625
0.000759124755859375
0.0006866455078125
0.00069427490234375
0.000606536865234375
0.000667572021484375
0.000621795654296875
0.000560760498046875
0.00057220458984375
0.000568389892578125
0.00049591064453125
0.00048065185546875
0.00048065185546875
0.0004730224609375
0.00040435791015625
0.0004119873046875
0.00037384033203125
0.00040435791015625
0.000408172607421875
0.000324249267578125
0.0003509521484375
0.00032806396484375
0.000308990478515625
0.000347137451171875
0.000324249267578125
0.00032806396484375
0.000286102294921875
0.000316619873046875
0.00029754638671875
0.00028228759765625
0.000263214111328125
0.000247955322265625
0.000263214111328125
0.0002593994140625
0.0002288818359375
0.000202178955078125
0.0002288818359375
0.000213623046875
0.0002288818359375
0.000217437744140625
0.000164031982421875
0.000179290771484375
0.000141143798828125
0.00014495849609375
0.000125885009765625
0.0001068115234375
0.00011444091796875
0.00020599365234375
9.5367431640625e-05
0.000118255615234375
7.62939453125e-05
0.0001068115234375
6.866455078125e-05
9.1552734375e-05
8.392333984375e-05
7.62939453125e-05
7.2479248046875e-05
6.4849853515625e-05
4.57763671875e-05
7.62939453125e-05
5.340576171875e-05
7.62939453125e-05
8.0108642578125e-05
6.866455078125e-05
5.340576171875e-05
4.9591064453125e-05
5.7220458984375e-05
3.4332275390625e-05
4.57763671875e-05
5.340576171875e-05
3.814697265625e-05
5.340576171875e-05
2.288818359375e-05
5.340576171875e-05
5.7220458984375e-05
6.103515625e-05
4.1961669921875e-05
5.340576171875e-05
6.4849853515625e-05
6.866455078125e-05
3.0517578125e-05
0.000217437744140625
0.0001220703125
0.00012969970703125
0.000118255615234375
0.00014495849609375
0.000164031982421875
0.000194549560546875
0.000148773193359375
0.000171661376953125
0.0001678466796875
0.00020599365234375
0.00022125244140625
0.000213623046875
0.00020599365234375
0.00022125244140625
0.000274658203125
0.00028228759765625
0.000293731689453125
0.00030517578125
0.0003204345703125
0.000335693359375
0.00035858154296875
0.000370025634765625
0.000362396240234375
0.000377655029296875
0.000385284423828125
0.00037384033203125
0.000392913818359375
0.00041961669921875
0.000400543212890625
0.00041961669921875
0.000415802001953125
0.00045013427734375
0.00043487548828125
0.00042724609375
0.000457763671875
0.000476837158203125
0.00046539306640625
0.00046539306640625
0.000553131103515625
0.00049591064453125
0.0005035400390625
0.00054931640625
0.000545501708984375
0.0005340576171875
0.0005645751953125
0.000576019287109375
0.0006103515625
0.0006103515625
0.000591278076171875
0.00064849853515625
0.000659942626953125
0.0007171630859375
0.00069427490234375
0.000698089599609375
0.00072479248046875
0.00070953369140625
0.0007171630859375
0.000751495361328125
0.000743865966796875
0.000804901123046875
0.000797271728515625
0.00081634521484375
0.000858306884765625
0.000896453857421875
0.0008544921875
0.000873565673828125
0.000904083251953125
0.00091552734375
0.000957489013671875
0.0009765625
0.000949859619140625
0.00101470947265625
0.00096893310546875
0.000988006591796875
0.00098419189453125
0.00098419189453125
0.0010223388671875
0.0009918212890625
0.0009918212890625
0.001026153564453125
0.001079559326171875
0.001094818115234375
0.00115203857421875
0.001071929931640625
0.001148223876953125
0.00109100341796875
0.001132965087890625
0.001155853271484375
0.00121307373046875
0.001190185546875
0.001220703125
0.0012664794921875
0.001316070556640625
0.001300811767578125
0.0012664794921875
0.001361846923828125
0.001361846923828125
0.0013580322265625
0.001392364501953125
0.00136566162109375
0.0014190673828125
0.001377105712890625
0.0014801025390625
0.001445770263671875
0.001445770263671875
0.001461029052734375
0.00151824951171875
0.001461029052734375
0.001468658447265625
0.00151824951171875
0.001495361328125
0.00150299072265625
0.001522064208984375
0.001544952392578125
0.001468658447265625
0.00151824951171875
0.001506805419921875
0.001506805419921875
0.001499176025390625
0.00148773193359375
0.0015106201171875
0.001544952392578125
0.00148773193359375
0.001544952392578125
0.0015106201171875
0.00148773193359375
0.001453399658203125
0.001499176025390625
0.001491546630859375
0.00147247314453125
0.0014801025390625
0.0014495849609375
0.0014190673828125
0.001422882080078125
0.00146484375
0.00146484375
0.00144195556640625
0.00136566162109375
0.0013885498046875
0.0013885498046875
0.001415252685546875
0.001407623291015625
0.0014190673828125
0.0013885498046875
0.001476287841796875
0.001392364501953125
0.001323699951171875
0.001331329345703125
0.001361846923828125
0.00141143798828125
0.001373291015625
0.00145721435546875
0.001434326171875
0.001392364501953125
0.001415252685546875
0.001438140869140625
0.001377105712890625
0.001346588134765625
0.00135040283203125
0.00141143798828125
0.001338958740234375
0.0012664794921875
0.001270294189453125
0.00128936767578125
0.001209259033203125
0.001201629638671875
0.001186370849609375
0.001117706298828125
0.001064300537109375
0.001056671142578125
0.00092315673828125
0.000919342041015625
0.0008544921875
0.000896453857421875
0.000797271728515625
0.000858306884765625
0.00075531005859375
0.00070953369140625
0.000732421875
0.00064849853515625
0.0006103515625
0.00066375732421875
0.00057220458984375
0.00052642822265625
0.0006256103515625
0.0005340576171875
0.000522613525390625
0.000522613525390625
0.000522613525390625
0.000499725341796875
0.00046539306640625
0.00052642822265625
0.000457763671875
0.0004425048828125
0.00045013427734375
0.000446319580078125
0.000400543212890625
0.00035858154296875
0.000400543212890625
0.000392913818359375
0.0003814697265625
0.0003662109375
0.00034332275390625
0.000370025634765625
0.000354766845703125
0.000301361083984375
0.0003509521484375
0.000354766845703125
0.000335693359375
0.0002899169921875
0.000278472900390625
0.00026702880859375
0.000286102294921875
0.0002288818359375
0.000255584716796875
0.000232696533203125
0.00023651123046875
0.00020599365234375
0.00023651123046875
0.000209808349609375
0.00019073486328125
0.00019073486328125
0.000156402587890625
0.000156402587890625
0.000179290771484375
0.000110626220703125
0.00012969970703125
0.000164031982421875
0.000152587890625
0.000141143798828125
0.00011444091796875
0.0001373291015625
0.00017547607421875
0.00011444091796875
0.0001220703125
0.0001220703125
0.0001220703125
0.000141143798828125
0.0001220703125
0.000102996826171875
0.00011444091796875
0.000148773193359375
9.918212890625e-05
0.000102996826171875
0.000125885009765625
0.00011444091796875
0.000152587890625
9.1552734375e-05
0.000102996826171875
8.7738037109375e-05
8.392333984375e-05
0.00011444091796875
0.0001068115234375
0.000102996826171875
9.918212890625e-05
0.0001220703125
8.0108642578125e-05
9.918212890625e-05
0.000102996826171875
0.000141143798828125
9.918212890625e-05
0.000125885009765625
0.00014495849609375
0.00012969970703125
0.000179290771484375
0.000152587890625
0.00019073486328125
0.000179290771484375
0.000209808349609375
0.000213623046875
0.000240325927734375
0.00025177001953125
0.00028228759765625
0.000274658203125
0.0003204345703125
0.000324249267578125
0.000339508056640625
0.00038909912109375
0.00037384033203125
0.000438690185546875
0.00041961669921875
0.000431060791015625
0.00038909912109375
0.000457763671875
0.00046539306640625
0.00045013427734375
0.000453948974609375
0.000457763671875
0.00045013427734375
0.00051116943359375
0.000507354736328125
0.000514984130859375
0.000518798828125
0.000576019287109375
0.00055694580078125
0.000507354736328125
0.000568389892578125
0.000583648681640625
0.000598907470703125
0.0006103515625
0.000606536865234375
0.0006103515625
0.000629425048828125
0.000667572021484375
0.000637054443359375
0.000705718994140625
0.000629425048828125
0.00075531005859375
0.000732421875
0.00075531005859375
0.000797271728515625
0.000705718994140625
0.0008392333984375
0.000789642333984375
0.0008544921875
0.00089263916015625
0.000865936279296875
0.000896453857421875
0.00093841552734375
0.0009307861328125
0.001007080078125
0.00092315673828125
0.0009765625
0.000949859619140625
0.0009613037109375
0.00092315673828125
0.001007080078125
0.00102996826171875
0.0009918212890625
0.001064300537109375
0.001018524169921875
0.001148223876953125
0.0011138916015625
0.00109100341796875
0.001007080078125
0.001190185546875
0.001117706298828125
0.00112152099609375
0.0011444091796875
0.001155853271484375
0.001125335693359375
0.001125335693359375
0.001186370849609375
0.0012359619140625
0.00124359130859375
0.001255035400390625
0.00125885009765625
0.001316070556640625
0.001247406005859375
0.001285552978515625
0.001316070556640625
0.00133514404296875
0.001323699951171875
0.0013427734375
0.001373291015625
0.0013427734375
0.0013885498046875
0.0013275146484375
0.001384735107421875
0.001407623291015625
0.00140380859375
0.001422882080078125
0.001399993896484375
0.001476287841796875
0.00140380859375
0.00146484375
0.001373291015625
0.00144195556640625
0.00148773193359375
0.001476287841796875
0.00147247314453125
0.00146484375
0.00147247314453125
0.001453399658203125
0.001453399658203125
0.00152587890625
0.0015106201171875
0.00146484375
0.00145721435546875
0.001453399658203125
0.0015106201171875
0.001461029052734375
0.00150299072265625
0.00152587890625
0.00147247314453125
0.00147247314453125
0.001438140869140625
0.001422882080078125
0.00145721435546875
0.00140380859375
0.00139617919921875
0.001354217529296875
0.001377105712890625
0.001300811767578125
0.0012969970703125
0.0013275146484375
0.00130462646484375
0.00131988525390625
0.001323699951171875
0.001293182373046875
0.00136566162109375
0.00130462646484375
0.0013275146484375
0.0013275146484375
0.001369476318359375
0.001369476318359375
0.00130462646484375
0.0013427734375
0.001312255859375
0.0013427734375
0.001369476318359375
0.0013885498046875
0.0014190673828125
0.00142669677734375
0.001415252685546875
0.001373291015625
0.0014190673828125
0.00142669677734375
0.001338958740234375
0.001361846923828125
0.001300811767578125
0.00125885009765625
0.00109100341796875
0.001056671142578125
0.000988006591796875
0.00092315673828125
0.0008544921875
0.000888824462890625
0.00090789794921875
0.000766754150390625
0.00081634521484375
0.000782012939453125
0.000797271728515625
0.000759124755859375
0.000762939453125
0.000736236572265625
0.00075531005859375
0.000637054443359375
0.000659942626953125
0.000732421875
0.000637054443359375
0.0006256103515625
0.000614166259765625
0.00061798095703125
0.00049591064453125
0.000530242919921875
0.000560760498046875
0.000522613525390625
0.0005035400390625
0.000507354736328125
0.00049591064453125
0.0004730224609375
0.000492095947265625
0.00048065185546875
0.000431060791015625
0.0004119873046875
0.00046539306640625
0.00041961669921875
0.000392913818359375
0.000408172607421875
0.000347137451171875
0.0003814697265625
0.0003509521484375
0.000362396240234375
0.000339508056640625
0.0003204345703125
0.000331878662109375
0.0003662109375
0.00029754638671875
0.000331878662109375
0.000278472900390625
0.00022125244140625
0.000263214111328125
0.000232696533203125
0.00022125244140625
0.000213623046875
0.0001678466796875
0.000186920166015625
0.000171661376953125
0.0001373291015625
0.000152587890625
0.0001373291015625
0.000125885009765625
9.918212890625e-05
0.0001220703125
9.918212890625e-05
0.000102996826171875
0.00012969970703125
8.7738037109375e-05
8.7738037109375e-05
7.62939453125e-05
8.0108642578125e-05
8.392333984375e-05
7.2479248046875e-05
5.340576171875e-05
4.9591064453125e-05
7.62939453125e-05
6.103515625e-05
4.1961669921875e-05
7.2479248046875e-05
5.7220458984375e-05
5.340576171875e-05
3.4332275390625e-05
4.1961669921875e-05
4.9591064453125e-05
5.7220458984375e-05
5.7220458984375e-05
5.7220458984375e-05
3.4332275390625e-05
7.2479248046875e-05
5.7220458984375e-05
6.866455078125e-05
3.0517578125e-05
2.6702880859375e-05
5.7220458984375e-05
6.103515625e-05
7.2479248046875e-05
7.2479248046875e-05
0.000110626220703125
0.0001068115234375
0.00014495849609375
0.000118255615234375
0.000156402587890625
0.0001373291015625
0.00018310546875
0.000244140625
0.000232696533203125
0.0002593994140625
0.00030517578125
0.00030517578125
0.00030517578125
0.000354766845703125
0.0003662109375
0.0003662109375
0.000362396240234375
0.00037384033203125
0.000377655029296875
0.00038909912109375
0.00041961669921875
0.00042724609375
0.000461578369140625
0.00048065185546875
0.000469207763671875
0.00046539306640625
0.0005035400390625
0.0005035400390625
0.00054168701171875
0.000522613525390625
0.000537872314453125
0.00052642822265625
0.0005645751953125
0.0005340576171875
0.00055694580078125
0.000545501708984375
0.00060272216796875
0.000640869140625
0.0006103515625
0.000621795654296875
0.00066375732421875
0.000652313232421875
0.000644683837890625
0.000701904296875
0.000743865966796875
0.000713348388671875
0.00072479248046875
0.000743865966796875
0.0008392333984375
0.00078582763671875
0.00080108642578125
0.000774383544921875
0.00084686279296875
0.000873565673828125
0.000850677490234375
0.000919342041015625
0.00093841552734375
0.000965118408203125
0.000942230224609375
0.001003265380859375
0.00102996826171875
0.0010528564453125
0.00101470947265625
0.001003265380859375
0.00093841552734375
0.001064300537109375
0.001117706298828125
0.001087188720703125
0.0010528564453125
0.00109100341796875
0.0010223388671875
0.00113677978515625
0.00112152099609375
0.0011749267578125
0.001178741455078125
0.0012054443359375
0.001300811767578125
0.001247406005859375
0.001220703125
0.001232147216796875
0.001247406005859375
0.0012664794921875
0.001270294189453125
0.0012664794921875
0.00124359130859375
0.001277923583984375
0.00128936767578125
0.0013275146484375
0.001369476318359375
0.001270294189453125
0.001354217529296875
0.001373291015625
0.001369476318359375
0.00138092041015625
0.001354217529296875
0.001384735107421875
0.001399993896484375
0.001407623291015625
0.00139617919921875
0.0014190673828125
0.00141143798828125
0.00140380859375
0.001445770263671875
0.00142669677734375
0.001407623291015625
0.0014495849609375
0.00145721435546875
0.00140380859375
0.00146484375
0.0014495849609375
0.00144195556640625
0.001453399658203125
0.001495361328125
0.00144195556640625
0.00146484375
0.00144195556640625
0.0014801025390625
0.001453399658203125
0.0014495849609375
0.001476287841796875
0.0014801025390625
0.00145721435546875
0.00146484375
0.0014801025390625
0.00141143798828125
0.00142669677734375
0.001445770263671875
0.001422882080078125
0.001422882080078125
0.0013885498046875
0.001392364501953125
0.001354217529296875
0.001354217529296875
0.00135040283203125
0.00133514404296875
0.00127410888671875
0.001331329345703125
0.00125885009765625
0.00130462646484375
0.0013427734375
0.001247406005859375
0.001255035400390625
0.0013580322265625
0.00128936767578125
0.001361846923828125
0.001354217529296875
0.001361846923828125
0.001377105712890625
0.00141143798828125
0.001422882080078125
0.001434326171875
0.001468658447265625
0.001495361328125
0.00145721435546875
0.001461029052734375
0.001354217529296875
0.001293182373046875
0.001338958740234375
0.001270294189453125
0.001155853271484375
0.0011138916015625
0.001033782958984375
0.0010223388671875
0.000946044921875
0.000888824462890625
0.000972747802734375
0.000865936279296875
0.00084686279296875
0.000835418701171875
0.00080108642578125
0.0007476806640625
0.00074005126953125
0.000736236572265625
0.000652313232421875
0.0007171630859375
0.000652313232421875
0.00066375732421875
0.0006256103515625
0.00057220458984375
0.000614166259765625
0.00052642822265625
0.000522613525390625
0.000514984130859375
0.00054168701171875
0.000457763671875
0.00051116943359375
0.000518798828125
0.00046539306640625
0.00048065185546875
0.0005035400390625
0.000484466552734375
0.000415802001953125
0.00042724609375
0.000392913818359375
0.00041961669921875
0.000415802001953125
0.00040435791015625
0.000339508056640625
0.000335693359375
0.000335693359375
0.00029754638671875
0.000347137451171875
0.00037384033203125
0.000331878662109375
0.000308990478515625
0.000270843505859375
0.00029754638671875
0.0003204345703125
0.00025177001953125
0.000278472900390625
0.000270843505859375
0.000247955322265625
0.000247955322265625
0.000217437744140625
0.000209808349609375
0.000164031982421875
0.00012969970703125
0.000141143798828125
0.000152587890625
0.000125885009765625
0.000164031982421875
0.000125885009765625
0.0001220703125
9.1552734375e-05
0.000102996826171875
8.392333984375e-05
7.2479248046875e-05
4.9591064453125e-05
5.7220458984375e-05
4.1961669921875e-05
4.1961669921875e-05
1.9073486328125e-05
3.0517578125e-05
2.6702880859375e-05
1.9073486328125e-05
1.9073486328125e-05
2.6702880859375e-05
7.62939453125e-06
7.62939453125e-06
1.1444091796875e-05
1.9073486328125e-05
1.1444091796875e-05
1.1444091796875e-05
1.1444091796875e-05
7.62939453125e-06
7.62939453125e-06
1.52587890625e-05
1.1444091796875e-05
2.6702880859375e-05
7.62939453125e-06
0.0
